Minerio A,Minerio B,Minerio C,Minerio D,Minerio E,Minerio F,Minerio G,Minerio H,Minerio I,Minerio J,Minerio K,Minerio L,Minerio M,Minerio N,Minerio O,Minerio P,Minerio Q,Minerio R,Minerio S,Minerio T,Minerio U,DOMAIN
2.635396767,0.034811096,10.05027147,0.0,0.0,0,64.66278187,0.0,0,0,2.726157062,0.0,0.0,7.15827944,0.0,0.0,9.427564903,0,0,3.30473739,0.0,5
1.334991308,0.0,6.209970429,0.0,0.11027787,0,61.64836959,0.0,0,0,3.223777344,0.0,0.0,8.572828252,0.0,0.0,15.26467934,0,0,3.635105869,0.0,5
1.690528609,0.0,7.129774996,0.0,0.0,0,62.24554274,0.0,0,0,3.492869382,0.0,0.0,8.132821039,0.0,0.0,13.74178487,0,0,3.566678357,0.0,5
2.107081585,0.0,8.502812836,0.0,0.0,0,63.24704761,0.0,0,0,2.844166613,0.0,0.0,7.365479548,0.0,0.0,12.52743533,0,0,3.405976472,0.0,5
2.14063048,0.074760739,8.455119709,0.0,0.0,0,63.39300145,0.0,0,0,3.159594384,0.0,0.0,7.635788004,0.0,0.0,11.82914795,0,0,3.311957285,0.0,5
2.428664256,0.114606694,9.299754768,0.0,0.0,0,63.62863497,0.0,0,0,3.493352247,0.0,0.0,6.969121652,0.0,0.0,10.64951797,0,0,3.41634744,0.0,5
2.274425093,0.0,8.861122493,0.0,0.0,0,63.48458952,0.0,0,0,3.174332688,0.0,0.0,7.0909618,0.0,0.0,11.66230295,0,0,3.452265459,0.0,5
2.427990915,0.0,8.865857995,0.0,0.0,0,63.34324291,0.0,0,0,4.497527198,0.0,0.0,6.777686725,0.0,0.0,10.69418385,0,0,3.393510401,0.0,5
2.160804783,0.0,7.922110515,0.028940917,0.0,0,62.64632027,0.0,0,0,5.125492533,0.0,0.0,7.152804935,0.0,0.0,11.38148308,0,0,3.582042967,0.0,5
2.393411307,0.034812956,9.076571519,0.057075303,0.0,0,63.91642672,0.0,0,0,3.579314447,0.0,0.0,7.338513888,0.0,0.0,10.12222883,0,0,3.481645025,0.0,5
2.461965775,0.0,8.661456441,0.052587847,0.0,0,63.14486859,0.0,0,0,5.489454103,0.0,0.0,6.80338207,0.0,0.0,9.959010822,0,0,3.427274352,0.0,5
2.121691529,0.0,8.236042029,0.0,0.0,0,62.86577059,0.0,0,0,3.626129384,0.0,0.0,7.061046273,0.0,0.0,12.89211506,0,0,3.197205137,0.0,5
2.160338917,0.0,8.453122142,0.0,0.0,0,63.44554639,0.0,0,0,3.061285198,0.0,0.0,7.230906426,0.0,0.0,12.35254259,0,0,3.296258346,0.0,5
2.18295017,0.0,8.595567231,0.0,0.0,0,63.44471735,0.0,0,0,2.905369176,0.0,0.0,7.320350197,0.0,0.0,12.42982965,0,0,3.121216226,0.0,5
2.093632681,0.0,8.322989538,0.0,0.0,0,63.34939921,0.0,0,0,2.674011815,0.0,0.0,7.332354907,0.0,0.0,13.27832466,0,0,2.949287182,0.0,5
2.116104665,0.048478758,8.546635606,0.0,0.0,0,63.11291128,0.0,0,0,3.146225522,0.0,0.0,7.91748058,0.0,0.0,11.91987223,0,0,3.192291359,0.0,5
2.086679955,0.0,8.333372761,0.0,0.0,0,63.15130928,0.0,0,0,2.885270174,0.0,0.0,7.473758048,0.0,0.0,13.08237032,0,0,2.987239467,0.0,5
2.142648141,0.0,8.500216878,0.0,0.0,0,63.21133972,0.0,0,0,2.904617571,0.0,0.0,7.322862749,0.0,0.0,12.93032402,0,0,2.987990918,0.0,5
0.993659225,0.0,5.143504771,0.0,0.200338266,0,60.53706902,0.0,0,0,3.359093849,0.0,0.0,8.740438011,0.0,0.0,17.89840895,0,0,3.127487907,0.0,5
2.431998777,0.0,9.296709167,0.0,0.0,0,63.99290735,0.0,0,0,3.064160114,0.0,0.0,7.300499211,0.0,0.0,10.82157698,0,0,3.092148394,0.0,5
2.32908989,0.0,8.914155548,0.0,0.0,0,63.88486049,0.0,0,0,3.057038609,0.0,0.0,7.380303631,0.0,0.0,11.37604084,0,0,3.058510996,0.0,5
1.537356954,0.0,6.671718262,0.0,0.06702838,0,61.91478929,0.0,0,0,3.467490824,0.0,0.0,8.344625817,0.0,0.0,14.59741481,0,0,3.399575658,0.0,5
0.0,0.0,0.0,0.0,0.732070357,0,48.58027785,0.0,0,0,23.85523661,0.0,0.0,1.417817279,0.0,0.0,9.655162912,0,0,12.60093277,3.158502228,5
0.0,0.0,0.0,0.0,0.0,0,38.26695249,0.0,1,0,21.22605268,0.0,0.0,0.0,0.0,0.0,0.931653742,9,3,25.06995146,0.0,5
1.185036924,0.047082002,6.097739406,0.31074913,0.0,0,59.97252108,0.0,0,0,8.27433474,0.0,0.0,4.847800659,0.0,0.0,8.129164506,0,0,11.13557155,0.0,5
2.792801202,0.236995645,10.99910055,0.263838873,0.0,0,64.86593008,0.0,0,0,3.497591773,0.0,0.086568093,6.508493194,0.0,0.111896742,5.848726353,0,0,4.535925938,0.0,5
2.685426815,0.19389022,9.074668855,0.193952937,0.227604437,0,62.97721904,0.0,0,0,9.319204587,0.0,0.118058757,5.817174069,0.0,0.205944649,3.475664454,0,0,4.861924395,0.0,5
2.827055823,0.240266366,10.84122953,0.233275403,0.0,0,65.1434172,0.0,0,0,3.726081988,0.0,0.099324875,6.812595664,0.0,0.127729954,5.50281839,0,0,4.067700757,0.0,5
1.84519262,0.0,7.653412171,0.0,0.0,0,62.61037818,0.0,0,0,3.396273499,0.0,0.0,7.687993656,0.0,0.0,12.91910246,0,0,3.88764741,0.0,5
2.096117186,0.201624994,8.518360653,0.240124657,0.0,0,63.43412811,0.0,0,0,3.679704299,0.0,0.0,7.909201968,0.0,0.0,9.791875364,0,0,4.128862764,0.0,5
2.638668602,0.111833362,9.976316886,0.149753122,0.0,0,64.36511981,0.0,0,0,3.563290024,0.0,0.0,6.94677467,0.0,0.0,8.538134179,0,0,3.710109344,0.0,5
2.578121754,0.164836291,9.96797761,0.258985515,0.0,0,64.37591847,0.0,0,0,3.537260434,0.0,0.0,6.934678885,0.0,0.0,8.050516091,0,0,4.131704954,0.0,5
0.023984885,0.134767301,3.082535898,0.091557387,1.189682188,0,59.07719265,0.0,1,0,4.630331992,0.0,0.0,9.459995468,0.0,0.0,15.68418574,0,0,4.847144996,0.0,5
2.665339937,0.148121685,10.11328387,0.158576619,0.0,0,64.60841752,0.0,0,0,3.310234804,0.0,0.0,7.108236679,0.0,0.0,8.307186532,0,0,3.580602359,0.0,5
1.81099602,0.007244522,7.529752088,0.026057116,0.0,0,62.49270328,0.0,0,0,3.576371395,0.0,0.0,7.979450237,0.0,0.0,12.75506271,0,0,3.822362636,0.0,5
2.635259108,0.156253886,10.18799109,0.298194345,0.0,0,64.2758859,0.0,0,0,3.648366216,0.0,0.0,6.674691695,0.0,0.0,7.8929325,0,0,4.230425265,0.0,5
2.040819617,0.0,8.483127016,0.098399318,0.0,0,63.23531228,0.0,0,0,3.186992039,0.0,0.0,7.278820219,0.0,0.0,11.14358039,0,0,4.532949114,0.0,5
2.037721187,0.010577108,8.442652586,0.128366603,0.0,0,63.20017893,0.0,0,0,3.49115934,0.0,0.0,7.09953141,0.0,0.0,10.6971385,0,0,4.892674334,0.0,5
2.286938316,0.233604359,9.251840441,0.281969101,0.0,0,64.20720366,0.0,0,0,3.436416222,0.0,0.026476046,7.407273792,0.0,0.0,8.103161482,0,0,4.765116578,0.0,5
2.433394913,0.085228645,9.352548969,0.062906519,0.0,0,64.26719264,0.0,0,0,3.306500464,0.0,0.0,7.39170998,0.0,0.0,9.410678363,0,0,3.689839507,0.0,5
0.0,0.0,0.0,0.0,5.086028523,0,33.40786064,0.0,10,0,11.496375,0.0,0.0,7.007163953,0.0,0.0,31.31594201,0,0,0.0,1.37188806,3
0.0,0.0,0.0,0.0,5.480403072,0,32.72841433,0.0,11,0,11.69272215,0.0,0.0,7.111837007,0.0,0.0,30.56303146,0,0,0.0,1.273235408,3
0.0,0.0,0.0,0.0,5.280431583,0,32.90006365,0.0,10,0,11.72940531,0.0,0.0,6.962176391,0.0,0.0,31.09332755,0,0,0.0,1.463318131,3
0.0,0.0,0.0,0.0,5.141566621,0,32.87180293,0.0,10,0,11.73950929,0.0,0.0,6.946700873,0.0,0.0,31.47405134,0,0,0.0,1.588599237,3
0.0,0.0,0.0,0.0,5.925996368,0,32.38228078,0.0,12,0,12.2977894,0.0,0.0,7.169710212,0.0,0.0,28.82050843,0,0,0.0,1.148744533,3
0.0,0.0,0.0,0.0,4.596265572,0,33.34321477,0.0,9,0,10.68092273,0.0,0.0,7.61025071,0.0,0.0,33.14678779,0,0,0.0,1.378823013,3
0.0,0.0,0.0,0.0,5.395868168,0,32.70052477,0.0,11,0,11.8824025,0.0,0.0,7.299407232,0.0,0.0,30.37496488,0,0,0.0,1.34552375,3
0.0,0.0,0.0,0.0,5.004585292,0,32.95440616,0.0,10,0,11.15213346,0.0,0.0,7.189177854,0.0,0.0,32.24577676,0,0,0.0,1.423589848,3
0.0,0.0,0.0,0.0,4.206820776,0,33.64011843,0.0,8,0,10.07038176,0.0,0.0,7.922738419,0.0,0.0,34.32349758,0,0,0.0,1.323704056,3
0.0,0.0,0.0,0.0,4.08106761,0,33.79661513,0.0,8,0,9.941587323,0.0,0.0,8.315066302,0.0,0.0,34.23679918,0,0,0.0,1.20799176,3
0.0,0.0,0.0,0.0,3.663229526,0,34.07285746,0.0,7,0,9.331011063,0.0,0.0,8.401876217,0.0,0.0,35.77333578,0,0,0.0,1.264671471,3
0.0,0.0,0.0,0.0,3.397846114,0,34.26429568,0.0,6,0,9.188919828,0.0,0.0,8.463230954,0.0,0.0,36.45233026,0,0,0.0,1.377748167,3
0.0,0.0,0.0,0.0,3.167212801,0,34.43852475,0.0,6,0,8.895407041,0.0,0.0,8.491201288,0.0,0.0,37.20581011,0,0,0.0,1.409608165,3
0.0,0.0,0.0,0.0,3.810916853,0,34.07642425,0.0,7,0,9.661592469,0.0,0.0,8.383515025,0.0,0.0,34.92365255,0,0,0.0,1.228463297,3
0.0,0.0,0.0,0.0,4.044158826,0,33.6392998,0.0,7,0,11.41807096,0.0,0.0,7.698501913,0.0,0.0,33.28566728,0,0,0.0,1.930047907,3
0.0,0.0,0.0,0.0,4.3112666,0,33.50853838,0.0,8,0,11.50836607,0.0,0.0,7.629548551,0.0,0.0,32.57096969,0,0,0.0,1.770176295,3
0.0,0.0,0.0,0.0,4.331136161,0,33.35875678,0.0,8,0,12.80830868,0.0,0.0,7.384850858,0.0,0.0,31.37753989,0,0,0.0,2.295256221,3
0.0,0.0,0.0,0.0,3.771296503,0,33.66166831,0.0,6,0,11.09166858,0.0,0.0,7.404207061,0.0,0.0,34.87375674,0,0,0.0,2.198610112,3
0.0,0.0,0.0,0.0,3.754751181,0,34.09160573,0.0,7,0,8.760051924,0.0,0.0,8.520857658,0.0,0.0,36.039911,0,0,0.0,0.953991991,3
0.0,0.0,0.0,0.0,2.736008061,0,34.82428274,0.0,5,0,7.350552887,0.0,0.0,8.922511024,0.0,0.0,39.5931088,0,0,0.0,1.086744956,3
0.0,0.0,0.0,0.0,3.045033627,0,34.69946803,0.0,6,0,7.889442866,0.0,0.0,9.687668367,0.0,0.0,37.31028296,0,0,0.0,0.748733321,3
0.0,0.0,0.0,0.0,3.626076926,0,34.44067514,0.0,8,0,8.990872901,0.0,0.0,10.27584786,0.0,0.0,34.06663176,0,0,0.0,0.499847095,3
0.0,0.0,0.0,0.0,3.586102232,0,34.47863307,0.0,8,0,8.503870296,0.0,0.0,10.53067365,0.0,0.0,34.32206538,0,0,0.0,0.243570604,3
0.0,0.0,0.0,0.0,3.011949846,0,34.45902629,0.0,5,0,10.20863025,0.0,0.0,9.08640225,0.0,0.0,35.72768083,0,0,0.0,1.855365744,3
0.0,0.0,0.0,0.0,2.57639606,0,35.21120951,0.0,5,0,7.807391475,0.0,0.0,10.22670296,0.0,0.0,38.00752299,0,0,0.0,0.908861492,3
0.0,0.0,0.0,0.0,2.77320438,0,35.00945552,0.0,5,0,8.036148474,0.0,0.0,10.01128277,0.0,0.0,37.5280244,0,0,0.0,0.917514657,3
0.0,0.0,0.0,0.0,2.737864628,0,34.94745396,0.0,5,0,8.320059148,0.0,0.0,9.871122364,0.0,0.0,37.45633978,0,0,0.0,1.090917362,3
0.0,0.0,0.0,0.0,2.716451467,0,34.92561772,0.0,5,0,8.806540917,0.0,0.0,9.805463809,0.0,0.0,37.05891658,0,0,0.0,1.302708926,3
0.0,0.0,0.0,0.0,2.419138641,0,35.198453,0.0,4,0,7.72576318,0.0,0.0,9.694505223,0.0,0.0,39.10076871,0,0,0.0,1.192347541,3
0.0,0.0,0.0,0.0,2.912412766,0,34.82329578,0.0,6,0,7.950102761,0.0,0.0,9.660310023,0.0,0.0,37.7154868,0,0,0.0,0.916466771,3
0.0,0.0,0.0,0.0,2.853088467,0,35.20357663,0.0,6,0,6.754962781,0.0,0.0,11.07399185,0.0,0.0,37.37132292,0,0,0.0,0.0,3
0.0,0.0,0.0,0.0,2.672097641,0,35.10058609,0.0,5,0,7.628167153,0.0,0.0,10.00677167,0.0,0.0,38.1652658,0,0,0.0,0.834356088,3
0.0,0.0,0.0,0.0,2.498180473,0,35.0223322,0.0,4,0,7.043998751,0.0,0.0,8.948822007,0.0,0.0,40.5178551,0,0,0.0,1.162840742,3
0.0,0.0,0.0,0.0,1.446953148,0,35.68685798,0.0,1,0,5.838508062,0.0,0.0,8.67622727,0.0,0.0,44.64423046,0,0,0.328645069,1.614328375,3
0.0,0.0,0.0,0.0,2.412896498,0,35.05418848,0.0,4,0,7.273080953,0.0,0.0,8.901685439,0.0,0.0,40.49826818,0,0,0.0,1.314644308,3
0.0,0.0,0.0,0.0,2.678164346,0,34.87742578,0.0,5,0,7.27356701,0.0,0.0,8.844914231,0.0,0.0,39.9525345,0,0,0.0,1.145382238,3
0.0,0.0,0.0,0.0,2.708159795,0,34.85381487,0.0,5,0,6.998589169,0.0,0.0,8.704347407,0.0,0.0,40.39053193,0,0,0.0,1.091974963,3
0.0,0.0,0.0,0.0,3.654526244,0,34.13698024,0.0,7,0,8.052160731,0.0,0.0,7.951286229,0.0,0.0,37.79703035,0,0,0.0,1.012149495,3
0.0,0.0,0.0,0.0,3.821135515,0,33.94222361,0.0,7,0,8.214269332,0.0,0.0,7.756031197,0.0,0.0,37.50502143,0,0,0.0,1.033132479,3
0.0,0.0,0.0,0.0,4.138520565,0,33.70389866,0.0,8,0,8.753111759,0.0,0.0,7.732000163,0.0,0.0,36.21189423,0,0,0.0,1.00265566,3
0.0,0.0,0.0,0.0,4.087531318,0,33.79298446,0.0,8,0,8.782493206,0.0,0.0,7.75547158,0.0,0.0,36.18244598,0,0,0.0,1.013754664,3
0.0,0.0,0.0,0.0,4.137160355,0,33.71896199,0.0,8,0,8.91786972,0.0,0.0,7.728357481,0.0,0.0,35.97753556,0,0,0.0,1.043380571,3
0.0,0.0,0.0,0.0,4.440239191,0,33.49613477,0.0,9,0,9.320783776,0.0,0.0,7.783918912,0.0,0.0,34.77287997,0,0,0.0,0.946711923,3
0.0,0.0,0.0,0.0,3.963946378,0,33.88489534,0.0,8,0,8.525803021,0.0,0.0,7.818563354,0.0,0.0,36.66728342,0,0,0.0,0.987508228,3
0.0,0.0,0.0,0.0,3.507711149,0,34.09512835,0.0,6,0,8.766205243,0.0,0.0,7.575345301,0.0,0.0,37.768202,0,0,0.0,1.495332202,3
0.0,0.0,0.0,0.0,3.413268637,0,34.07070475,0.0,6,0,9.179344914,0.0,0.0,7.604809035,0.0,0.0,37.57061362,0,0,0.0,1.718676567,3
0.0,0.0,0.0,0.0,3.316239691,0,34.46713779,0.0,6,0,7.243838804,0.0,0.0,8.563171722,0.0,0.0,38.7795349,0,0,0.0,0.760360802,3
0.0,0.0,0.0,0.0,2.870658058,0,34.73698717,0.0,5,0,8.478117611,0.0,0.0,8.557780174,0.0,0.0,38.20274315,0,0,0.0,1.431815143,3
0.0,0.0,0.0,0.0,2.933426781,0,34.67798762,0.0,5,0,8.239945538,0.0,0.0,8.36079544,0.0,0.0,38.58651511,0,0,0.0,1.386923954,3
0.0,0.0,0.0,0.0,2.25677655,0,35.11904189,0.0,4,0,8.849604428,0.0,0.0,8.078659839,0.0,0.0,39.56069201,0,0,0.0,2.109863717,3
0.0,0.0,0.0,0.174791166,2.537293761,0,34.44950692,0.0,2,0,16.28341145,0.0,0.0,6.254931279,0.0,0.0,31.66496103,0,0,1.109264363,4.779726571,3
0.0,0.0,0.0,0.0,0.965306406,0,35.7200521,0.0,0,0,6.568308521,0.0,0.0,7.926107185,0.0,0.0,45.29269198,0,0,1.208682586,2.318851219,3
0.0,0.0,0.0,0.0,2.561464741,0,35.00427369,0.0,5,0,8.400874849,0.0,0.0,8.872231018,0.0,0.0,38.5646446,0,0,0.0,1.49104476,3
0.0,0.0,0.0,0.0,2.202281852,0,35.22127323,0.0,4,0,8.117068578,0.0,0.0,8.595029712,0.0,0.0,40.02388881,0,0,0.0,1.748924426,3
0.0,0.0,0.0,0.0,2.09841932,0,35.17517081,0.0,3,0,8.850707993,0.0,0.0,8.201812996,0.0,0.0,39.89860854,0,0,0.0,2.215638289,3
0.0,0.0,0.0,0.0,2.942411543,0,34.63602249,0.0,5,0,8.709764547,0.0,0.0,8.492199774,0.0,0.0,37.9285904,0,0,0.0,1.506275252,3
0.0,0.0,0.0,0.0,2.782580499,0,34.73344826,0.0,5,0,8.432401468,0.0,0.0,8.187953788,0.0,0.0,38.88701382,0,0,0.0,1.612956223,3
0.0,0.0,0.0,0.0,2.690700616,0,34.75499878,0.0,5,0,9.460824662,0.0,0.0,8.142844667,0.0,0.0,37.91762238,0,0,0.0,2.020520694,3
0.0,0.0,0.0,0.0,1.80513009,0,35.56947017,0.0,2,0,7.828066785,0.0,0.0,8.557751583,0.0,0.0,41.22680991,0,0,0.290333974,1.92356592,3
0.0,0.0,0.0,0.0,1.775877231,0,35.46502081,0.0,2,0,7.677327412,0.0,0.0,8.327627095,0.0,0.0,41.90052527,0,0,0.203205658,2.029041463,3
0.0,0.0,0.0,0.0,2.957710664,0,34.03811704,0.0,4,0,15.06233533,0.0,0.0,7.005653179,0.0,0.0,32.21556525,0,0,0.0,4.109233657,3
0.0,0.0,0.0,0.0,1.766377924,0,35.58822065,0.0,2,0,7.440638272,0.0,0.0,8.585744221,0.0,0.0,41.71021152,0,0,0.202291162,1.806764356,3
0.0,0.0,0.0,0.0,1.49803538,0,36.22126859,0.0,2,0,6.294310796,0.0,0.0,9.036349269,0.0,0.0,42.58696874,0,0,0.690695709,1.289148749,3
0.0,0.0,0.0,0.0,0.982914959,0,37.88360965,0.144006092,0,0,6.757579531,0.0,0.0,9.042700925,0.0,0.0,40.80265049,0,0,2.75003396,1.053937276,3
0.0,0.0,0.0,0.02045692,2.381722538,0,35.57101792,0.0,3,0,14.74880001,0.0,0.0,7.615230636,0.0,0.0,31.1390463,0,0,1.454043624,3.558586729,3
2.464139347,0.0,9.519221053,0.0,0.0,0,64.04179593,0.0,0,0,2.825827655,0.0,0.0,7.368090775,0.0,0.0,10.74726947,0,0,3.033655769,0.0,2
2.706944573,0.105348808,10.25679258,0.0,0.0,0,64.68973373,0.0,0,0,2.870222776,0.0,0.0,7.276158941,0.0,0.0,9.025501653,0,0,3.069296937,0.0,2
2.65843501,0.043774285,10.10716363,0.0,0.0,0,64.55465789,0.0,0,0,2.791202715,0.0,0.0,7.21537035,0.0,0.0,9.597637216,0,0,3.031758909,0.0,2
2.520623238,0.0,9.678652557,0.0,0.0,0,64.36943627,0.0,0,0,2.616949453,0.0,0.0,7.309401309,0.0,0.0,10.51074287,0,0,2.994194296,0.0,2
2.394735808,0.032518512,9.335779854,0.0,0.0,0,64.06296818,0.0,0,0,2.751476721,0.0,0.0,7.629881237,0.0,0.0,10.72698187,0,0,3.065657816,0.0,2
0.0,0.0,0.0,0.0,5.582922644,0,32.50629153,0.0,10,0,14.18116274,0.0,0.0,6.26947418,0.0,0.0,28.28924604,0,0,0.0,2.281724108,3
0.0,0.0,0.0,0.0,5.63480237,0,32.09258319,0.0,10,0,15.07822539,0.0,0.0,6.032925823,0.0,0.0,27.758258820000002,0,0,0.0,2.734993221,3
0.0,0.0,0.0,0.0,6.065367338,0,31.84608622,0.0,11,0,15.16141642,0.0,0.0,6.182029077,0.0,0.0,26.51085532,0,0,0.0,2.404676807,3
0.0,0.0,0.0,0.0,5.262151709,0,32.24132768,0.0,9,0,15.68757823,0.0,0.0,6.013015902,0.0,0.0,27.91216938,0,0,0.0,3.202808748,3
0.0,0.0,0.0,0.0,4.785514298,0,32.87937019,0.0,9,0,12.80185051,0.0,0.0,6.809261583,0.0,0.0,31.22679279,0,0,0.0,2.243957537,3
0.0,0.0,0.0,0.0,4.502605159,0,33.1358331,0.0,8,0,12.10047138,0.0,0.0,7.442433131,0.0,0.0,31.92098002,0,0,0.0,1.976277071,3
0.0,0.0,0.0,0.0,4.302773718,0,33.71395179,0.0,9,0,9.879694407,0.0,0.0,9.074375895,0.0,0.0,32.85810158,0,0,0.0,0.736876857,3
0.0,0.0,0.0,0.0,4.192243553,0,33.74177837,0.0,9,0,10.19414277,0.0,0.0,9.013119723,0.0,0.0,32.81466429,0,0,0.0,0.940105475,3
0.0,0.0,0.0,0.0,3.880480696,0,34.18627057,0.0,8,0,8.761341031,0.0,0.0,9.75450725,0.0,0.0,34.22662704,0,0,0.0,0.391368163,3
0.0,0.0,0.0,0.0,3.756932179,0,34.17721456,0.0,8,0,9.624067371,0.0,0.0,9.788726562,0.0,0.0,33.49103993,0,0,0.0,0.757388338,3
0.0,0.0,0.0,0.0,3.736241533,0,34.29904183,0.0,8,0,9.005339551,0.0,0.0,9.825535095,0.0,0.0,34.27706736,0,0,0.0,0.575214808,3
0.0,0.0,0.0,0.0,3.463306415,0,34.53585658,0.0,7,0,8.589949178,0.0,0.0,10.13577843,0.0,0.0,34.99465633,0,0,0.0,0.511919217,3
0.0,0.0,0.0,0.0,3.212013852,0,34.82773323,0.0,7,0,7.072075154,0.0,0.0,10.30532625,0.0,0.0,37.01317208,0,0,0.0,0.093045269,3
0.0,0.0,0.0,0.0,2.96542541,0,35.05678823,0.0,6,0,6.82151951,0.0,0.0,9.890969137,0.0,0.0,38.34065849,0,0,0.0,0.332896069,3
0.0,0.0,0.0,0.0,2.347706262,0,35.50920982,0.0,5,0,6.030113127,0.0,0.0,10.12493729,0.0,0.0,40.43999942,0,0,0.0,0.439844145,3
0.0,0.0,0.0,0.0,2.15681554,0,35.58670312,0.0,4,0,6.346217587,0.0,0.0,10.14531871,0.0,0.0,40.49959986,0,0,0.0,0.676235125,3
0.0,0.0,0.0,0.0,2.245291456,0,35.62577668,0.0,5,0,5.363430762,0.0,0.0,10.41308879,0.0,0.0,41.08557751,0,0,0.0,0.180971562,3
0.0,0.0,0.0,0.0,2.205725985,0,35.44763657,0.0,4,0,5.634466293,0.0,0.0,9.478236712,0.0,0.0,41.99049979,0,0,0.0,0.6489994,3
0.0,0.0,0.0,0.0,2.319257006,0,35.1855034,0.0,4,0,5.806027249,0.0,0.0,8.756822133,0.0,0.0,42.50266385,0,0,0.0,0.92640922,3
0.0,0.0,0.0,0.0,2.061168088,0,35.49199073,0.0,4,0,5.024025059,0.0,0.0,9.272438323,0.0,0.0,43.34163875,0,0,0.0,0.648156351,3
0.0,0.0,0.0,0.0,2.150392653,0,35.3794695,0.0,4,0,5.850519978,0.0,0.0,8.97722214,0.0,0.0,42.48391773,0,0,0.0,0.95124928,3
0.0,0.0,0.0,0.0,2.072260899,0,35.68016491,0.0,4,0,5.73136858,0.0,0.0,10.18107235,0.0,0.0,41.31206846,0,0,0.0,0.504952089,3
0.0,0.0,0.0,0.0,1.916241704,0,35.65087666,0.0,4,0,6.23659808,0.0,0.0,9.720631581,0.0,0.0,41.47388933,0,0,0.0,0.903460854,3
0.0,0.0,0.0,0.0,2.292243335,0,35.28052108,0.0,4,0,7.382262703,0.0,0.0,9.064693259,0.0,0.0,40.03814688,0,0,0.0,1.246904355,3
0.0,0.0,0.0,0.0,1.914921065,0,35.70042949,0.0,4,0,6.684255926,0.0,0.0,9.723060716,0.0,0.0,40.81185389,0,0,0.0,1.006260503,3
0.0,0.0,0.0,0.0,1.387692982,0,36.3886405,0.0,3,0,1.971290804,0.0,0.0,11.02253421,0.0,0.0,45.30283706,0,0,0.0,0.0,3
0.0,0.0,0.0,0.0,1.528712092,0,36.16299812,0.0,3,0,2.501161738,0.0,0.0,9.972026249,0.0,0.0,46.43471822,0,0,0.0,0.0,3
0.0,0.0,0.0,0.0,1.431954831,0,36.16255975,0.0,2,0,2.86225904,0.0,0.0,9.508892858,0.0,0.0,46.97028932,0,0,0.0,0.285871917,3
0.0,0.0,0.0,0.0,2.413309241,0,35.66632136,0.0,5,0,5.262906955,0.0,0.0,9.383944597,0.0,0.0,41.87599598,0,0,0.0,0.357324936,3
0.0,0.0,0.0,0.0,2.364178619,0,35.61968016,0.0,6,0,4.198868663,0.0,0.0,11.3869977,0.0,0.0,40.04196287,0,0,0.0,0.0,3
0.0,0.0,0.0,0.0,1.81835595,0,36.10992994,0.0,5,0,1.827040709,0.0,0.0,11.48684308,0.0,0.0,43.202666,0,0,0.0,0.0,3
0.0,0.0,0.0,0.0,2.265658987,0,35.80157504,0.0,6,0,2.773916114,0.0,0.0,11.6440392,0.0,0.0,40.79966222,0,0,0.0,0.0,3
0.0,0.0,0.0,0.0,1.810170123,0,36.0374469,0.0,5,0,2.40320878,0.0,0.0,11.2411253,0.0,0.0,43.35185414,0,0,0.0,0.0,3
0.0,0.0,0.0,0.0,1.81448747,0,36.01852486,0.0,4,0,3.299695896,0.0,0.0,10.79375101,0.0,0.0,43.44126985,0,0,0.0,0.0,3
0.0,0.0,0.0,0.0,1.925348685,0,35.95720992,0.0,5,0,2.875972073,0.0,0.0,10.91844742,0.0,0.0,43.18596725,0,0,0.0,0.0,3
0.0,0.0,0.0,0.0,1.764150911,0,36.03987785,0.0,4,0,2.7530605,0.0,0.0,10.65859773,0.0,0.0,44.28610288,0,0,0.0,0.0,3
0.0,0.0,0.0,0.0,2.467626366,0,35.40769709,0.0,5,0,5.740541812,0.0,0.0,10.90211552,0.0,0.0,39.51813152,0,0,0.0,0.0,3
0.0,0.0,0.0,0.0,2.283697928,0,35.61130588,0.0,5,0,4.522887056,0.0,0.0,10.83354387,0.0,0.0,41.07452215,0,0,0.0,0.0,3
0.0,0.0,0.0,0.0,2.285993579,0,35.5062889,0.0,5,0,5.771344676,0.0,0.0,10.52981001,0.0,0.0,40.46199146,0,0,0.0,0.268327332,3
0.0,0.0,0.0,0.0,2.122484024,0,35.8004007,0.0,5,0,3.418035097,0.0,0.0,11.34694945,0.0,0.0,41.43197709,0,0,0.0,0.0,3
0.0,0.0,0.0,0.0,3.101660255,0,34.69618634,0.0,6,0,7.80950059,0.0,0.0,8.988297432,0.0,0.0,37.86163741,0,0,0.0,0.864978455,3
0.0,0.0,0.0,0.0,2.467516339,0,35.19323422,0.0,5,0,6.649221481,0.0,0.0,9.101775766,0.0,0.0,40.51823627,0,0,0.0,0.890866438,3
0.0,0.0,0.0,0.0,2.822789053,0,34.84939425,0.0,5,0,7.518771451,0.0,0.0,8.899628188,0.0,0.0,38.94152973,0,0,0.0,1.000195883,3
0.0,0.0,0.0,0.0,2.733510695,0,35.01568325,0.0,5,0,6.830591703,0.0,0.0,9.206111993,0.0,0.0,39.60400531,0,0,0.0,0.731757851,3
0.0,0.0,0.0,0.0,3.031078669,0,34.69743678,0.0,6,0,7.329594257,0.0,0.0,8.622418361,0.0,0.0,39.07508176,0,0,0.0,0.911312907,3
0.0,0.0,0.0,0.0,3.165131877,0,34.58125645,0.0,6,0,7.304127664,0.0,0.0,8.367566453,0.0,0.0,39.11022593,0,0,0.0,0.904682255,3
0.0,0.0,0.0,0.0,3.233644713,0,34.51162326,0.0,6,0,7.411477816,0.0,0.0,8.261474791,0.0,0.0,38.97148764,0,0,0.0,0.935555766,3
0.0,0.0,0.0,0.0,3.009384709,0,34.6282538,0.0,6,0,7.010196427,0.0,0.0,8.20628754,0.0,0.0,40.07135883,0,0,0.0,1.000785962,3
0.0,0.0,0.0,0.0,2.676581154,0,35.09066728,0.0,5,0,6.450066952,0.0,0.0,9.139933014,0.0,0.0,40.24374646,0,0,0.0,0.668300047,3
0.0,0.0,0.0,0.0,2.617778125,0,35.12023725,0.0,5,0,7.25633905,0.0,0.0,9.551350958,0.0,0.0,38.9321827,0,0,0.0,0.816414555,3
0.0,0.0,0.0,0.0,2.672036937,0,35.03966807,0.0,5,0,8.020631949,0.0,0.0,8.8644728,0.0,0.0,38.58159389,0,0,0.0,1.234236852,3
0.0,0.0,0.0,0.0,2.746534584,0,34.86651364,0.0,5,0,7.717292113,0.0,0.0,8.523672491,0.0,0.0,39.30999399,0,0,0.0,1.251529736,3
0.0,0.0,0.0,0.0,3.019613023,0,34.75739145,0.0,6,0,7.544406472,0.0,0.0,8.855414578,0.0,0.0,38.50821739,0,0,0.0,0.883204323,3
0.0,0.0,0.0,0.0,2.402344461,0,35.07601575,0.0,4,0,7.784646246,0.0,0.0,8.421770002,0.0,0.0,40.07825591,0,0,0.0,1.536704234,3
0.0,0.0,0.0,0.0,2.096168416,0,35.41926296,0.0,4,0,6.908764408,0.0,0.0,8.83617474,0.0,0.0,41.2720826,0,0,0.0,1.304023508,3
0.0,0.0,0.0,0.0,2.70438494,0,34.92312479,0.0,5,0,7.164457756,0.0,0.0,8.661548101,0.0,0.0,39.87468165,0,0,0.0,1.045986505,3
0.0,0.0,0.0,0.0,0.0,0,36.10427928,0.0,0,0,3.175930606,0.0,0.0,7.077648131,0.0,0.0,51.29389168,0,0,0.502544914,1.845705395,3
0.0,0.0,0.0,0.0,0.0,0,36.07913161,0.0,0,0,4.294202123,0.0,0.0,7.553802207,0.0,0.0,49.25184753,0,0,0.839167541,1.981848986,3
0.0,0.0,0.0,0.0,1.632395956,0,36.11727558,0.0,2,0,5.82450156,0.0,0.0,8.920527528,0.0,0.0,43.4608829,0,0,0.165453737,1.236927,3
0.0,0.0,0.0,0.0,1.230654782,0,36.16916522,0.0,0,0,6.278304967,0.0,0.0,9.224754921,0.0,0.0,43.46506612,0,0,1.324077805,1.551002423,3
0.0,0.0,0.0,0.0,1.178719552,0,36.36646013,0.0,1,0,5.409010179,0.0,0.0,10.10574253,0.0,0.0,43.63791193,0,0,1.255790653,1.005572556,3
0.0,0.0,0.0,0.0,0.0,0,36.37380789,0.0,0,0,4.16869405,0.0,0.0,8.542339861,0.0,0.0,48.2222689,0,0,1.117505425,1.575383871,3
0.0,0.0,0.0,0.0,1.390627881,0,36.12016604,0.0,1,0,5.756236092,0.0,0.0,9.605436246,0.0,0.0,43.28814907,0,0,0.754416433,1.136196013,3
0.0,0.0,0.0,0.0,1.336785024,0,35.91708443,0.0,1,0,6.176947614,0.0,0.0,8.612579147,0.0,0.0,44.1411239,0,0,0.916613077,1.69124154,3
0.0,0.0,0.0,0.0,0.556812469,0,36.52983092,0.0,0,0,5.33221201,0.0,0.0,8.957356627,0.0,0.0,45.48074437,0,0,1.617707661,1.525335943,3
0.0,0.0,0.0,0.0,0.0,0,36.4162818,0.0,0,0,1.562242611,0.0,0.0,8.039348406,0.0,0.0,52.40006282,0,0,0.504799235,1.077265125,3
0.0,0.0,0.0,0.0,0.457135066,0,36.59537567,0.0,0,0,3.003453116,0.0,0.0,9.92592835,0.0,0.0,48.0174563,0,0,1.292037276,0.708614225,3
0.0,0.0,0.0,0.0,1.195230455,0,36.30207729,0.0,2,0,4.725464206,0.0,0.0,10.60883516,0.0,0.0,43.83334009,0,0,0.728212719,0.595184437,3
0.0,0.0,0.0,0.0,0.508192725,0,36.50323293,0.0,0,0,3.583924835,0.0,0.0,9.762304679,0.0,0.0,47.3850663,0,0,1.345112328,0.912166202,3
0.0,0.0,0.0,0.0,0.0,0,36.51728736,0.0,0,0,2.462707256,0.0,0.0,9.283119016,0.0,0.0,49.79821132,0,0,1.049356331,0.889318717,3
0.0,0.0,0.0,0.0,1.154509484,0,36.15448185,0.0,1,0,5.225029888,0.0,0.0,9.597430879,0.0,0.0,44.33516394,0,0,1.059621952,1.095451887,3
1.0907865,0.0,5.479705274,0.0,0.0,0,60.34790971,0.0,0,0,2.934257084,0.0,0.0,7.723682044,0.0,0.0,19.65788991,0,0,2.765769476,0.0,3
0.0,0.0,0.0,0.0,4.410892013,0,34.7851578,0.0,9,0,10.5476955,0.0,0.0,7.55185444,0.0,0.0,32.34307506,0,0,0.0,1.037229722,3
0.0,0.0,0.0,0.0,5.412116714,0,32.89834553,0.0,11,0,11.32220771,0.0,0.0,7.825078792,0.0,0.0,30.24362584,0,0,0.0,0.918604006,3
0.0,0.0,0.0,0.0,5.304263544,0,32.94241994,0.0,11,0,11.3611642,0.0,0.0,7.698656771,0.0,0.0,30.62152797,0,0,0.0,1.062894269,3
0.0,0.0,0.0,0.0,5.3705315,0,32.98700364,0.0,11,0,11.30744316,0.0,0.0,7.74163364,0.0,0.0,30.38384686,0,0,0.0,0.952004151,3
0.0,0.0,0.0,0.0,4.554454192,0,33.43288007,0.0,9,0,11.0263746,0.0,0.0,8.400809262,0.0,0.0,31.84314704,0,0,0.0,1.211788127,3
0.0,0.0,0.0,0.0,3.651102539,0,34.18800237,0.0,7,0,9.317971416,0.0,0.0,9.109162316,0.0,0.0,34.95739457,0,0,0.0,1.002114963,3
0.0,0.0,0.0,0.0,3.695887724,0,34.19710564,0.0,7,0,9.345080131,0.0,0.0,9.20556321,0.0,0.0,34.67657545,0,0,0.0,0.933529274,3
0.0,0.0,0.0,0.0,3.667148838,0,34.22267835,0.0,7,0,9.352684369,0.0,0.0,9.196458256,0.0,0.0,34.72043968,0,0,0.0,0.95240199,3
0.0,0.0,0.0,0.0,3.82942801,0,34.14727977,0.0,8,0,9.655770267,0.0,0.0,9.031037115,0.0,0.0,34.19664393,0,0,0.0,0.998518761,3
0.0,0.0,0.0,0.0,4.276541747,0,33.97716275,0.0,9,0,9.866212541,0.0,0.0,9.403125591,0.0,0.0,32.44662576,0,0,0.0,0.599710835,3
0.0,0.0,0.0,0.0,4.068917188,0,34.07399658,0.0,8,0,9.681600793,0.0,0.0,9.316381788,0.0,0.0,33.28285023,0,0,0.0,0.732343269,3
0.0,0.0,0.0,0.0,3.886821607,0,34.12249401,0.0,8,0,9.404740192,0.0,0.0,9.007221315,0.0,0.0,34.38117795,0,0,0.0,0.882848474,3
0.0,0.0,0.0,0.0,3.668598355,0,34.28238259,0.0,7,0,9.01294877,0.0,0.0,9.033716377,0.0,0.0,35.26270125,0,0,0.0,0.886763712,3
0.0,0.0,0.0,0.0,3.481932525,0,34.41189738,0.0,7,0,8.566671921,0.0,0.0,9.071861646,0.0,0.0,36.19176108,0,0,0.0,0.867898772,3
0.0,0.0,0.0,0.0,3.432886643,0,34.48478322,0.0,7,0,8.634447567,0.0,0.0,9.347782535,0.0,0.0,35.95238216,0,0,0.0,0.840220324,3
0.0,0.0,0.0,0.0,3.232008018,0,34.6354617,0.0,6,0,8.207926712,0.0,0.0,9.550802147,0.0,0.0,36.65899462,0,0,0.0,0.765842098,3
0.0,0.0,0.0,0.0,3.28641845,0,34.57613811,0.0,6,0,7.987700416,0.0,0.0,9.128779733,0.0,0.0,37.27781243,0,0,0.0,0.806364646,3
0.0,0.0,0.0,0.0,3.458191118,0,34.55213301,0.0,7,0,8.019621617,0.0,0.0,9.262497214,0.0,0.0,36.6400428,0,0,0.0,0.63016674,3
0.0,0.0,0.0,0.0,3.292896033,0,34.59396649,0.0,7,0,8.104041893,0.0,0.0,9.278704012,0.0,0.0,36.93830204,0,0,0.0,0.781041525,3
0.0,0.0,0.0,0.0,3.354101794,0,34.51213795,0.0,7,0,8.217841184,0.0,0.0,9.160389748,0.0,0.0,36.85446007,0,0,0.0,0.833420051,3
0.0,0.0,0.0,0.0,3.429616377,0,34.49536971,0.0,7,0,8.297507435,0.0,0.0,9.168507381,0.0,0.0,36.56059151,0,0,0.0,0.797003286,3
0.0,0.0,0.0,0.0,3.984985772,0,34.17764826,0.0,8,0,9.07584657,0.0,0.0,9.349053761,0.0,0.0,34.12948707,0,0,0.0,0.577947066,3
0.0,0.0,0.0,0.0,3.567140408,0,34.43387436,0.0,7,0,8.11181721,0.0,0.0,9.085953744,0.0,0.0,36.53115828,0,0,0.0,0.659872881,3
0.0,0.0,0.0,0.0,3.715049877,0,34.18966024,0.0,7,0,8.599833396,0.0,0.0,8.752166928,0.0,0.0,36.0633203,0,0,0.0,0.850839288,3
0.0,0.0,0.0,0.0,3.550348746,0,34.41093872,0.0,7,0,7.832792789,0.0,0.0,8.724659409,0.0,0.0,37.22917352,0,0,0.0,0.684482033,3
0.0,0.0,0.0,0.0,3.760662406,0,34.2645206,0.0,8,0,8.091046651,0.0,0.0,9.136360811,0.0,0.0,36.06715946,0,0,0.0,0.50136075,3
0.0,0.0,0.0,0.0,3.525681814,0,34.38644032,0.0,7,0,7.63906239,0.0,0.0,9.016415166,0.0,0.0,37.23979658,0,0,0.0,0.554258341,3
0.0,0.0,0.0,0.0,3.392356745,0,34.51248995,0.0,7,0,7.01779011,0.0,0.0,9.079704286,0.0,0.0,38.18963524,0,0,0.0,0.421238531,3
0.0,0.0,0.0,0.0,3.659915534,0,34.31844659,0.0,8,0,7.590713617,0.0,0.0,9.085296192,0.0,0.0,36.87945348,0,0,0.0,0.408951422,3
0.0,0.0,0.0,0.0,3.463717758,0,34.45431335,0.0,7,0,7.357145625,0.0,0.0,8.96145247,0.0,0.0,37.75891845,0,0,0.0,0.521279497,3
0.0,0.0,0.0,0.0,3.563377899,0,34.34550321,0.0,7,0,7.577295028,0.0,0.0,8.645280445,0.0,0.0,37.69390322,0,0,0.0,0.652808593,3
0.0,0.0,0.0,0.0,3.067404291,0,34.63966764,0.0,6,0,6.97099473,0.0,0.0,8.330982892,0.0,0.0,39.87250356,0,0,0.0,0.911968894,3
0.0,0.0,0.0,0.0,3.128311337,0,34.61401831,0.0,6,0,7.083575536,0.0,0.0,8.414507674,0.0,0.0,39.50625048,0,0,0.0,0.875743003,3
0.0,0.0,0.0,0.0,2.993789355,0,34.76720021,0.0,6,0,6.671156323,0.0,0.0,8.629443794,0.0,0.0,40.07100989,0,0,0.0,0.767000549,3
0.0,0.0,0.0,0.0,2.739747797,0,34.90420931,0.0,5,0,7.696723817,0.0,0.0,8.636290399,0.0,0.0,39.36662024,0,0,0.0,1.254951107,3
0.0,0.0,0.0,0.0,2.671904535,0,35.11671909,0.0,5,0,8.273993514,0.0,0.0,9.58369159,0.0,0.0,37.66022475,0,0,0.0,1.122528611,3
0.0,0.0,0.0,0.0,2.298780255,0,35.44398367,0.0,4,0,7.385698902,0.0,0.0,9.665172877,0.0,0.0,39.44837238,0,0,0.0,1.065989099,3
0.0,0.0,0.0,0.0,2.408347023,0,35.29656787,0.0,4,0,7.197577456,0.0,0.0,9.341201708,0.0,0.0,39.84585522,0,0,0.0,1.059855272,3
0.0,0.0,0.0,0.0,2.208241004,0,35.46363415,0.0,4,0,6.555149853,0.0,0.0,8.990074756,0.0,0.0,41.42468289,0,0,0.0,1.1077248,3
0.0,0.0,0.0,0.0,1.526747343,0,35.84164208,0.0,2,0,5.677727182,0.0,0.0,8.923823304,0.0,0.0,44.14149702,0,0,0.171145881,1.347279264,3
0.0,0.0,0.0,0.0,2.811742081,0,35.05372566,0.0,5,0,7.894887457,0.0,0.0,9.701386757,0.0,0.0,37.67516729,0,0,0.0,0.865880616,3
0.0,0.0,0.0,0.0,2.762127944,0,35.03974511,0.0,5,0,7.864209762,0.0,0.0,9.564013185,0.0,0.0,38.05658014,0,0,0.0,0.96326786,3
0.0,0.0,0.0,0.0,2.544806106,0,35.14354084,0.0,5,0,7.778057663,0.0,0.0,9.463481253,0.0,0.0,38.77602496,0,0,0.0,1.127470256,3
0.0,0.0,0.0,0.0,3.01219082,0,34.88200378,0.0,6,0,8.144257496,0.0,0.0,9.670438573,0.0,0.0,37.01213943,0,0,0.0,0.831705734,3
0.0,0.0,0.0,0.0,2.176476851,0,35.68839733,0.0,5,0,4.624586164,0.0,0.0,10.46216975,0.0,0.0,41.94330954,0,0,0.0,0.0,3
0.0,0.0,0.0,0.0,2.467380254,0,35.48190869,0.0,6,0,4.708593254,0.0,0.0,10.58869948,0.0,0.0,40.68442698,0,0,0.0,0.0,3
0.0,0.0,0.0,0.0,2.334441116,0,35.58053952,0.0,5,0,4.217776397,0.0,0.0,10.57341493,0.0,0.0,41.45343964,0,0,0.0,0.0,3
0.0,0.0,0.0,0.0,2.202357795,0,35.57295865,0.0,4,0,5.619145216,0.0,0.0,9.527474003,0.0,0.0,41.88689722,0,0,0.0,0.606243179,3
0.0,0.0,0.0,0.0,2.792723484,0,35.08867908,0.0,5,0,6.94057074,0.0,0.0,9.250081202,0.0,0.0,39.35269315,0,0,0.0,0.729458808,3
0.0,0.0,0.0,0.0,1.988752104,0,35.61686444,0.0,3,0,6.117884458,0.0,0.0,8.947740383,0.0,0.0,42.44588832,0,0,0.0,1.123706827,3
0.0,0.0,0.0,0.0,2.729818568,0,35.15541957,0.0,5,0,7.075003104,0.0,0.0,9.263074499,0.0,0.0,39.31566311,0,0,0.0,0.810605983,3
0.0,0.0,0.0,0.0,2.459885076,0,35.32105127,0.0,5,0,6.508145356,0.0,0.0,9.573912282,0.0,0.0,40.28004514,0,0,0.0,0.719609987,3
0.0,0.0,0.0,0.0,2.465449945,0,35.35935907,0.0,5,0,6.517008788,0.0,0.0,9.521813344,0.0,0.0,40.27463091,0,0,0.0,0.724036366,3
0.0,0.0,0.0,0.0,1.947732684,0,35.62356046,0.0,3,0,5.742507839,0.0,0.0,9.318880032,0.0,0.0,42.67158722,0,0,0.0,0.935125804,3
0.0,0.0,0.0,0.0,2.291465044,0,35.41420326,0.0,4,0,6.491489765,0.0,0.0,9.382807204,0.0,0.0,40.92620029,0,0,0.0,0.908935384,3
0.0,0.0,0.0,0.0,2.682011603,0,35.09269189,0.0,5,0,7.521229134,0.0,0.0,9.384605734,0.0,0.0,38.82016385,0,0,0.0,0.964173049,3
0.0,0.0,0.0,0.0,2.598527165,0,35.20628293,0.0,5,0,7.216284178,0.0,0.0,9.450910312,0.0,0.0,39.2677625,0,0,0.0,0.893095268,3
0.0,0.0,0.0,0.0,2.583170734,0,35.17383381,0.0,5,0,7.653902952,0.0,0.0,9.255771804,0.0,0.0,39.00361021,0,0,0.0,1.112625398,3
0.0,0.0,0.0,0.0,2.138400706,0,35.50153225,0.0,4,0,6.45492105,0.0,0.0,9.17602422,0.0,0.0,41.51352268,0,0,0.0,1.066252642,3
0.0,0.0,0.0,0.0,2.181047709,0,35.51509876,0.0,4,0,6.454532576,0.0,0.0,9.242240657,0.0,0.0,41.29838386,0,0,0.0,0.999126433,3
0.0,0.0,0.0,0.0,2.412226087,0,35.38179217,0.0,4,0,6.886415166,0.0,0.0,9.330975775,0.0,0.0,40.10410464,0,0,0.0,0.925648451,3
0.0,0.0,0.0,0.0,2.302090352,0,35.39111431,0.0,4,0,6.412506526,0.0,0.0,9.09325233,0.0,0.0,41.28577125,0,0,0.0,0.966241164,3
0.0,0.0,0.0,0.0,2.130644155,0,38.80420404,0.0,4,0,6.950127671,0.0,0.0,9.143447335,0.0,0.0,38.01472129,0,0,0.0,0.320245654,3
0.0,0.0,0.0,0.0,5.832074579,0,32.98417742,0.0,11,0,14.00891993,0.0,0.0,6.525788105,0.0,0.0,26.99557363,0,0,0.0,1.760975815,3
0.0,0.0,0.0,0.0,6.252359318,0,31.9437086,0.0,12,0,14.09841613,0.0,0.0,6.65124161,0.0,0.0,26.69797827,0,0,0.0,1.730175981,3
0.0,0.0,0.0,0.0,6.259297361,0,31.97867441,0.0,12,0,14.1955516,0.0,0.0,6.575639124,0.0,0.0,26.60726317,0,0,0.0,1.768933331,3
0.0,0.0,0.0,0.0,5.874154009,0,32.12963863,0.0,11,0,14.35107881,0.0,0.0,6.449527857,0.0,0.0,27.48071546,0,0,0.0,2.147569352,3
0.0,0.0,0.0,0.0,5.509731628,0,32.53230594,0.0,11,0,13.02563582,0.0,0.0,6.95120398,0.0,0.0,29.09922015,0,0,0.0,1.737013843,3
0.0,0.0,0.0,0.0,5.065356278,0,33.11205159,0.0,10,0,11.34265911,0.0,0.0,7.39286372,0.0,0.0,31.30269369,0,0,0.0,1.261825129,3
0.0,0.0,0.0,0.0,4.820742314,0,33.3035748,0.0,10,0,10.88865667,0.0,0.0,7.479777198,0.0,0.0,32.19202158,0,0,0.0,1.225288023,3
0.0,0.0,0.0,0.0,5.517675977,0,32.89027076,0.0,11,0,11.43688979,0.0,0.0,7.573487331,0.0,0.0,29.87397398,0,0,0.0,0.88277014,3
0.0,0.0,0.0,0.0,4.836263707,0,33.31395368,0.0,10,0,10.68163652,0.0,0.0,7.533672271,0.0,0.0,32.33480139,0,0,0.0,1.126974836,3
0.0,0.0,0.0,0.0,4.859839912,0,33.35758133,0.0,10,0,10.59874863,0.0,0.0,7.582462847,0.0,0.0,32.24754681,0,0,0.0,1.042729913,3
0.0,0.0,0.0,0.0,4.956664101,0,33.36537794,0.0,10,0,10.81014104,0.0,0.0,7.596466304,0.0,0.0,31.64565148,0,0,0.0,1.00137776,3
0.0,0.0,0.0,0.0,5.260209111,0,33.21415136,0.0,11,0,10.76688878,0.0,0.0,7.7073708419999996,0.0,0.0,30.86791189,0,0,0.0,0.729869654,3
0.0,0.0,0.0,0.0,5.340211309,0,33.14506477,0.0,11,0,10.97524626,0.0,0.0,7.697626136,0.0,0.0,30.44372393,0,0,0.0,0.741651664,3
0.0,0.0,0.0,0.0,4.938842556,0,33.37349812,0.0,10,0,10.37014997,0.0,0.0,7.655534485,0.0,0.0,32.1980039,0,0,0.0,0.86977622,3
0.0,0.0,0.0,0.0,4.942112493,0,33.43691871,0.0,10,0,10.51729592,0.0,0.0,7.668579827,0.0,0.0,31.89841994,0,0,0.0,0.878092392,3
0.0,0.0,0.0,0.0,4.045533424,0,33.9715791,0.0,8,0,10.04892294,0.0,0.0,7.509229442,0.0,0.0,34.62406872,0,0,0.0,1.402322141,3
0.0,0.0,0.0,0.0,4.868346918,0,33.43440075,0.0,10,0,10.47316438,0.0,0.0,7.620435861,0.0,0.0,32.22979494,0,0,0.0,0.950656616,3
0.0,0.0,0.0,0.0,4.735350647,0,33.51304315,0.0,10,0,10.55774022,0.0,0.0,7.567805825,0.0,0.0,32.47447074,0,0,0.0,1.084986551,3
0.0,0.0,0.0,0.0,4.850935242,0,33.42237868,0.0,10,0,10.83093321,0.0,0.0,7.546174932,0.0,0.0,31.92530019,0,0,0.0,1.102614503,3
0.0,0.0,0.0,0.0,4.50568046,0,33.5802333,0.0,9,0,10.197189,0.0,0.0,7.507852588,0.0,0.0,33.62161364,0,0,0.0,1.192979821,3
0.0,0.0,0.0,0.0,4.884599863,0,33.27229558,0.0,10,0,10.97187625,0.0,0.0,7.440664142,0.0,0.0,31.97231295,0,0,0.0,1.214366924,3
0.0,0.0,0.0,0.0,4.485683635,0,33.60156343,0.0,9,0,10.65684218,0.0,0.0,7.421920806,0.0,0.0,33.15856405,0,0,0.0,1.365885644,3
0.0,0.0,0.0,0.0,4.790868588,0,33.33340646,0.0,10,0,10.72131278,0.0,0.0,7.464722248,0.0,0.0,32.47222185,0,0,0.0,1.197026952,3
0.0,0.0,0.0,0.0,4.674810217,0,33.45268284,0.0,9,0,10.90541782,0.0,0.0,7.436454946,0.0,0.0,32.45011527,0,0,0.0,1.317047826,3
0.0,0.0,0.0,0.0,4.872789835,0,33.30726431,0.0,10,0,11.1600632,0.0,0.0,7.431168042,0.0,0.0,31.75587915,0,0,0.0,1.276810319,3
0.0,0.0,0.0,0.0,4.717871078,0,33.38652105,0.0,9,0,11.7430529,0.0,0.0,7.235594089,0.0,0.0,31.5673541,0,0,0.0,1.620037203,3
0.0,0.0,0.0,0.0,5.06238993,0,33.16082332,0.0,10,0,15.07048592,0.0,0.0,6.632747159,0.0,0.0,27.19151857,0,0,0.0,2.553533676,3
0.0,0.0,0.0,0.0,4.731648728,0,33.50183309,0.0,10,0,10.47415743,0.0,0.0,7.506250924,0.0,0.0,32.68931561,0,0,0.0,1.094145803,3
0.0,0.0,0.0,0.0,4.383524447,0,33.65923683,0.0,9,0,10.05424923,0.0,0.0,7.451160801,0.0,0.0,34.13792487,0,0,0.0,1.254914781,3
0.0,0.0,0.0,0.0,4.634502756,0,33.50045795,0.0,9,0,10.24059381,0.0,0.0,7.470223315,0.0,0.0,33.33148911,0,0,0.0,1.132734075,3
0.0,0.0,0.0,0.0,4.618287993,0,33.5464506,0.0,9,0,9.882556719,0.0,0.0,7.55727727,0.0,0.0,33.67570119,0,0,0.0,0.99293421,3
0.0,0.0,0.0,0.0,4.745041921,0,33.38349147,0.0,9,0,10.26252679,0.0,0.0,7.462412233,0.0,0.0,33.14703169,0,0,0.0,1.090527326,3
0.0,0.0,0.0,0.0,4.907964286,0,33.28275481,0.0,10,0,10.41659305,0.0,0.0,7.48614115,0.0,0.0,32.56711117,0,0,0.0,1.0164933,3
0.0,0.0,0.0,0.0,4.58502942,0,33.48950272,0.0,9,0,10.19515434,0.0,0.0,7.446287516,0.0,0.0,33.56391429,0,0,0.0,1.173646306,3
0.0,0.0,0.0,0.0,4.537539198,0,33.53214397,0.0,9,0,10.09722416,0.0,0.0,7.469947366,0.0,0.0,33.77308464,0,0,0.0,1.171153429,3
0.0,0.0,0.0,0.0,4.760440557,0,33.38282788,0.0,9,0,10.60100247,0.0,0.0,7.456976797,0.0,0.0,32.65150832,0,0,0.0,1.169822013,3
0.0,0.0,0.0,0.0,4.96447341,0,33.26244116,0.0,10,0,10.30621927,0.0,0.0,7.551594702,0.0,0.0,32.4661372,0,0,0.0,0.909040694,3
0.0,0.0,0.0,0.0,4.895240956,0,33.30224323,0.0,10,0,10.02417649,0.0,0.0,7.552364229,0.0,0.0,32.99082574,0,0,0.0,0.87770494,3
0.0,0.0,0.0,0.0,5.069027045,0,33.16730599,0.0,10,0,10.42578906,0.0,0.0,7.50751299,0.0,0.0,32.18537707,0,0,0.0,0.90420038,3
0.0,0.0,0.0,0.0,4.38743169,0,33.59833971,0.0,9,0,9.797749591,0.0,0.0,7.421561167,0.0,0.0,34.53694274,0,0,0.0,1.202129621,3
0.0,0.0,0.0,0.0,4.740256439,0,33.41428886,0.0,10,0,9.776470461,0.0,0.0,7.547217743,0.0,0.0,33.61801742,0,0,0.0,0.901889941,3
0.0,0.0,0.0,0.0,4.936871031,0,33.26299476,0.0,10,0,10.22220135,0.0,0.0,7.508457186,0.0,0.0,32.69062105,0,0,0.0,0.920895538,3
0.0,0.0,0.0,0.0,4.660200498,0,33.36546723,0.0,9,0,9.887797457,0.0,0.0,7.459934188,0.0,0.0,33.8804123,0,0,0.0,1.060164141,3
0.0,0.0,0.0,0.0,4.946774846,0,33.14037468,0.0,10,0,10.56955325,0.0,0.0,7.430034945,0.0,0.0,32.48033631,0,0,0.0,1.094951291,3
0.0,0.0,0.0,0.0,4.542165025,0,33.40752358,0.0,9,0,9.961395341,0.0,0.0,7.437443016,0.0,0.0,34.12180033,0,0,0.0,1.185905991,3
0.0,0.0,0.0,0.0,4.627632709,0,33.31287144,0.0,9,0,10.39725432,0.0,0.0,7.520965863,0.0,0.0,33.29001842,0,0,0.0,1.227821563,3
0.0,0.0,0.0,0.0,4.897798929,0,33.17764736,0.0,10,0,10.07738539,0.0,0.0,7.565191825,0.0,0.0,33.07467757,0,0,0.0,0.940436713,3
0.0,0.0,0.0,0.0,5.442707698,0,32.68472908,0.0,11,0,12.09907779,0.0,0.0,7.411502855,0.0,0.0,29.61332501,0,0,0.0,1.258169082,3
0.0,0.0,0.0,0.0,4.534770805,0,33.39982947,0.0,9,0,9.981757523,0.0,0.0,7.54295905,0.0,0.0,34.01842641,0,0,0.0,1.167814835,3
0.0,0.0,0.0,0.0,4.252966704,0,33.49107685,0.0,8,0,10.13755144,0.0,0.0,7.549813191,0.0,0.0,34.50697195,0,0,0.0,1.427017621,3
0.0,0.0,0.0,0.0,4.091597212,0,33.58762727,0.0,8,0,9.975004795,0.0,0.0,7.448958496,0.0,0.0,35.24316331,0,0,0.0,1.543770827,3
0.0,0.0,0.0,0.0,3.20886148,0,34.12352662,0.0,5,0,8.922602902,0.0,0.0,7.311090336,0.0,0.0,38.73096371,0,0,0.0,1.902322755,3
0.0,0.0,0.0,0.0,3.395081748,0,33.81033907,0.0,5,0,10.59480421,0.0,0.0,7.074042079,0.0,0.0,36.71351816,0,0,0.0,2.427896444,3
0.0,0.0,0.0,0.0,3.772505697,0,32.16187394,0.0,4,0,19.99196575,0.0,0.0,4.38123902,0.0,0.0,28.96523873,0,0,0.0,6.496787591,3
0.0,0.0,0.0,0.0,6.257022408,0,28.12520561,0.0,7,0,35.87185822,2.088315437,0.0,0.859634622,0.0,0.0,8.329780137,0,0,0.0,11.02884337,3
0.0,0.0,0.0,0.0,3.804233035,0,33.05172533,0.0,5,0,14.58811725,0.0,0.0,6.10321043,0.0,0.0,32.58536838,0,0,0.0,3.897311148,3
0.0,0.0,0.0,0.0,2.947292495,0,34.58902728,0.0,6,0,8.01495048,0.0,0.0,9.007786392,0.0,0.0,37.90846788,0,0,0.0,1.021134357,3
0.0,0.0,0.0,0.0,3.585755293,0,33.75901335,0.0,6,0,10.62636509,0.0,0.0,7.298253642,0.0,0.0,35.89895074,0,0,0.0,2.196506939,3
0.0,0.0,0.0,0.0,2.967120831,0,34.83016581,0.0,6,0,6.495412835,0.0,0.0,9.052792538,0.0,0.0,39.7169611,0,0,0.0,0.535845313,3
0.0,0.0,0.0,0.0,2.718153077,0,34.88780426,0.0,5,0,6.525238531,0.0,0.0,8.525367922,0.0,0.0,40.96348838,0,0,0.0,0.943784062,3
0.0,0.0,0.0,0.0,3.197299147,0,34.41739461,0.0,6,0,7.459293354,0.0,0.0,8.007859563,0.0,0.0,39.46337371,0,0,0.0,1.121374627,3
0.0,0.0,0.0,0.0,3.428928976,0,34.2239816,0.0,6,0,7.962694004,0.0,0.0,7.965816122,0.0,0.0,38.41814821,0,0,0.0,1.143510383,3
0.0,0.0,0.0,0.0,3.243639001,0,34.41110389,0.0,6,0,7.451562871,0.0,0.0,8.092905891,0.0,0.0,39.24106457,0,0,0.0,1.046959764,3
0.0,0.0,0.0,0.0,3.102158724,0,34.549883,0.0,6,0,7.490931432,0.0,0.0,7.90545508,0.0,0.0,39.63404287,0,0,0.0,1.196219248,3
0.0,0.0,0.0,0.0,3.397915873,0,34.21925384,0.0,6,0,7.931839768,0.0,0.0,7.870354112,0.0,0.0,38.61535052,0,0,0.0,1.183529036,3
0.0,0.0,0.0,0.0,3.315845915,0,34.31437088,0.0,6,0,7.665395219,0.0,0.0,7.934333484,0.0,0.0,39.0504315,0,0,0.0,1.135096825,3
0.0,0.0,0.0,0.0,2.966064163,0,34.74318726,0.0,6,0,6.352205891,0.0,0.0,8.358793727,0.0,0.0,40.79738417,0,0,0.0,0.772904564,3
0.0,0.0,0.0,0.0,3.255271784,0,34.40929455,0.0,6,0,7.330728384,0.0,0.0,7.966561782,0.0,0.0,39.48028717,0,0,0.0,1.038019835,3
0.0,0.0,0.0,0.0,3.020305864,0,34.60145859,0.0,5,0,7.004721576,0.0,0.0,8.081316171,0.0,0.0,40.25034192,0,0,0.0,1.052634907,3
0.0,0.0,0.0,0.0,3.145961453,0,34.52152734,0.0,6,0,7.032881165,0.0,0.0,8.137372392,0.0,0.0,39.89055338,0,0,0.0,0.960232271,3
